Test result analysis:
<    0> 5C 43 00 00 00 00 05 76 06 0A 30 1F 13 CA
<    1> 5C 43 00 00 00 00 05 76 06 0A 30 1F 13 CA
<    2> 5C 43 00 00 00 00 05 76 06 0A 30 1F 13 CA
<    3> 5C 43 00 00 00 00 05 76 06 0A 30 1F 13 CA
<    4> 5C 43 00 00 00 00 05 76 06 0A 30 1F 13 CA
<    5> 5C 43 00 00 00 00 05 76 06 0A 30 1F 13 CA
<    6> 5C 43 00 00 00 00 05 76 06 0A 30 1F 13 CA
<    7> 5C 43 00 00 00 00 05 76 06 0A 30 1F 13 CA
<    8> 5C 43 00 00 00 00 05 76 06 0A 30 1F 13 CA
<    9> 5C 10 01 0C 14 55 03 00 00 77 28 CA
<   10> 5C 30 00 00 00 00 EC 01 00 07 DD 00 01 01 07 DD 00 02 02 07 DD 00 03 03 07 DD 00 04 04 07 DD 00 05 05 07 DD 00 06 06 07 DD 00 07 07 07 DD 00 08 08 07 DD 00 09 09 07 DD 00 0A 0A 07 DD 01 01 0B 07 DD 01 02 0C 07 DD 01 03 0D 07 DD 01 04 0E 07 DD 01 05 0F 07 DD 01 06 10 07 DD 01 07 11 07 DD 01 08 12 07 DD 01 09 13 07 DD 01 0A 14 07 DD 02 01 15 07 DD 02 02 16 07 DD 02 03 17 07 DD 02 04 18 07 DD 02 05 19 07 DD 02 06 1A 07 DD 02 07 1B 07 DD 02 08 1C 07 DD 02 09 1D 07 DD 02 0A 1E 07 DD 03 01 1F 07 DD 03 02 20 07 DD 03 03 21 07 DD 03 04 22 07 DD 03 05 23 07 DD 03 06 24 07 DD 03 07 25 07 DD 03 08 26 07 DD 03 09 27 07 DD 03 0A 28 07 DD 04 01 29 07 DD 04 02 2A 07 DD 04 03 2B 07 DD 04 04 2C 07 DD 04 05 2D 07 DD 04 06 2E 07 DD 04 07 2C CA
<   11> 5C 30 00 00 00 00 EC 01 2F 07 DD 04 08 30 07 DD 04 09 31 07 DD 04 0A 32 07 DD 05 01 33 07 DD 05 02 34 07 DD 05 03 35 07 DD 05 04 36 07 DD 05 05 37 07 DD 05 06 38 07 DD 05 07 39 07 DD 05 08 3A 07 DD 05 09 3B 07 11 00 01 3C 07 11 00 02 3D 07 11 00 03 3E 07 11 00 04 3F 07 11 00 05 40 07 11 00 06 41 07 11 00 07 42 07 11 00 08 43 07 11 00 09 44 07 11 00 0A 45 07 11 01 01 46 07 11 01 02 47 07 11 01 03 48 07 11 01 04 49 07 11 01 05 4A 07 11 01 06 4B 07 11 01 07 4C 07 11 01 08 4D 07 11 01 09 4E 07 11 01 0A 4F 07 11 02 01 50 07 11 02 02 51 07 11 02 03 52 07 11 02 04 53 07 11 02 05 54 07 11 02 06 55 07 11 02 07 56 07 11 02 08 57 07 11 02 09 58 07 11 02 0A 59 07 11 03 01 5A 07 11 03 02 5B 07 11 03 03 5C 07 11 03 04 5D 07 11 03 05 E7 CA
<   12> 5C 30 00 00 00 00 7E 01 5E 07 11 03 06 5F 07 11 03 07 60 07 11 03 08 61 07 11 03 09 62 07 11 03 0A 63 07 11 04 01 64 07 11 04 02 65 07 11 04 03 66 07 11 04 04 67 07 11 04 05 68 07 11 04 06 69 07 11 04 07 6A 07 11 04 08 6B 07 11 04 09 6C 07 11 04 0A 6D 07 11 05 01 6E 07 11 05 02 6F 07 11 05 03 70 07 11 05 04 71 07 11 05 05 72 07 11 05 06 73 07 11 05 07 74 07 11 05 08 75 07 11 05 09 76 06 0A 30 1F 1C CA
<   13> 5C 31 00 00 00 00 01 01 47 CA
<   14> 5C 30 00 00 00 00 EC 02 00 07 DD 00 01 01 07 DD 00 02 02 07 DD 00 03 03 07 DD 00 04 04 07 DD 00 05 05 07 DD 00 06 06 07 DD 00 07 07 07 DD 00 08 08 07 DD 00 09 09 07 DD 00 0A 0A 07 DD 01 01 0B 07 DD 01 02 0C 07 DD 01 03 0D 07 DD 01 04 0E 07 DD 01 05 0F 07 DD 01 06 10 07 DD 01 07 11 07 DD 01 08 12 07 DD 01 09 13 07 DD 01 0A 14 07 DD 02 01 15 07 DD 02 02 16 07 DD 02 03 17 07 DD 02 04 18 07 DD 02 05 19 07 DD 02 06 1A 07 DD 02 07 1B 07 DD 02 08 1C 07 DD 02 09 1D 07 DD 02 0A 1E 07 DD 03 01 1F 07 DD 03 02 20 07 DD 03 03 21 07 DD 03 04 22 07 DD 03 05 23 07 DD 03 06 24 07 DD 03 07 25 07 DD 03 08 26 07 DD 03 09 27 07 DD 03 0A 28 07 DD 04 01 29 07 DD 04 02 2A 07 DD 04 03 2B 07 DD 04 04 2C 07 DD 04 05 2D 07 DD 04 06 2E 07 DD 04 07 2F CA
<   15> 5C 30 00 00 00 00 EC 02 2F 07 DD 04 08 30 07 DD 04 09 31 07 DD 04 0A 32 07 DD 05 01 33 07 DD 05 02 34 07 DD 05 03 35 07 DD 05 04 36 07 DD 05 05 37 07 DD 05 06 38 07 DD 05 07 39 07 DD 05 08 3A 07 DD 05 09 3B 07 11 00 01 3C 07 11 00 02 3D 07 11 00 03 3E 07 11 00 04 3F 07 11 00 05 40 07 11 00 06 41 07 11 00 07 42 07 11 00 08 43 07 11 00 09 44 07 11 00 0A 45 07 11 01 01 46 07 11 01 02 47 07 11 01 03 48 07 11 01 04 49 07 11 01 05 4A 07 11 01 06 4B 07 11 01 07 4C 07 11 01 08 4D 07 11 01 09 4E 07 11 01 0A 4F 07 11 02 01 50 07 11 02 02 51 07 11 02 03 52 07 11 02 04 53 07 11 02 05 54 07 11 02 06 55 07 11 02 07 56 07 11 02 08 57 07 11 02 09 58 07 11 02 0A 59 07 11 03 01 5A 07 11 03 02 5B 07 11 03 03 5C 07 11 03 04 5D 07 11 03 05 E4 CA
<   16> 5C 30 00 00 00 00 7E 02 5E 07 11 03 06 5F 07 11 03 07 60 07 11 03 08 61 07 11 03 09 62 07 11 03 0A 63 07 11 04 01 64 07 11 04 02 65 07 11 04 03 66 07 11 04 04 67 07 11 04 05 68 07 11 04 06 69 07 11 04 07 6A 07 11 04 08 6B 07 11 04 09 6C 07 11 04 0A 6D 07 11 05 01 6E 07 11 05 02 6F 07 11 05 03 70 07 11 05 04 71 07 11 05 05 72 07 11 05 06 73 07 11 05 07 74 07 11 05 08 75 07 11 05 09 76 06 0A 30 1F 1F CA
<   17> 5C 31 00 00 00 00 01 02 44 CA
<   18> 5C 10 01 0C 14 55 03 01 00 77 29 CA
<   19> 5C 30 00 00 00 00 EC 03 00 07 DD 00 01 01 07 DD 00 02 02 07 DD 00 03 03 07 DD 00 04 04 07 DD 00 05 05 07 DD 00 06 06 07 DD 00 07 07 07 DD 00 08 08 07 DD 00 09 09 07 DD 00 0A 0A 07 DD 01 01 0B 07 DD 01 02 0C 07 DD 01 03 0D 07 DD 01 04 0E 07 DD 01 05 0F 07 DD 01 06 10 07 DD 01 07 11 07 DD 01 08 12 07 DD 01 09 13 07 DD 01 0A 14 07 DD 02 01 15 07 DD 02 02 16 07 DD 02 03 17 07 DD 02 04 18 07 DD 02 05 19 07 DD 02 06 1A 07 DD 02 07 1B 07 DD 02 08 1C 07 DD 02 09 1D 07 DD 02 0A 1E 07 DD 03 01 1F 07 DD 03 02 20 07 DD 03 03 21 07 DD 03 04 22 07 DD 03 05 23 07 DD 03 06 24 07 DD 03 07 25 07 DD 03 08 26 07 DD 03 09 27 07 DD 03 0A 28 07 DD 04 01 29 07 DD 04 02 2A 07 DD 04 03 2B 07 DD 04 04 2C 07 DD 04 05 2D 07 DD 04 06 2E 07 DD 04 07 2E CA
<   20> 5C 30 00 00 00 00 EC 03 2F 07 DD 04 08 30 07 DD 04 09 31 07 DD 04 0A 32 07 DD 05 01 33 07 DD 05 02 34 07 DD 05 03 35 07 DD 05 04 36 07 DD 05 05 37 07 DD 05 06 38 07 DD 05 07 39 07 DD 05 08 3A 07 DD 05 09 3B 07 11 00 01 3C 07 11 00 02 3D 07 11 00 03 3E 07 11 00 04 3F 07 11 00 05 40 07 11 00 06 41 07 11 00 07 42 07 11 00 08 43 07 11 00 09 44 07 11 00 0A 45 07 11 01 01 46 07 11 01 02 47 07 11 01 03 48 07 11 01 04 49 07 11 01 05 4A 07 11 01 06 4B 07 11 01 07 4C 07 11 01 08 4D 07 11 01 09 4E 07 11 01 0A 4F 07 11 02 01 50 07 11 02 02 51 07 11 02 03 52 07 11 02 04 53 07 11 02 05 54 07 11 02 06 55 07 11 02 07 56 07 11 02 08 57 07 11 02 09 58 07 11 02 0A 59 07 11 03 01 5A 07 11 03 02 5B 07 11 03 03 5C 07 11 03 04 5D 07 11 03 05 E5 CA
<   21> 5C 30 00 00 00 00 7E 03 5E 07 11 03 06 5F 07 11 03 07 60 07 11 03 08 61 07 11 03 09 62 07 11 03 0A 63 07 11 04 01 64 07 11 04 02 65 07 11 04 03 66 07 11 04 04 67 07 11 04 05 68 07 11 04 06 69 07 11 04 07 6A 07 11 04 08 6B 07 11 04 09 6C 07 11 04 0A 6D 07 11 05 01 6E 07 11 05 02 6F 07 11 05 03 70 07 11 05 04 71 07 11 05 05 72 07 11 05 06 73 07 11 05 07 74 07 11 05 08 75 07 11 05 09 76 06 0A 30 1F 1E CA
<   22> 5C 31 00 00 00 00 01 03 45 CA
<   23> 5C 30 00 00 00 00 EC 04 00 07 DD 00 01 01 07 DD 00 02 02 07 DD 00 03 03 07 DD 00 04 04 07 DD 00 05 05 07 DD 00 06 06 07 DD 00 07 07 07 DD 00 08 08 07 DD 00 09 09 07 DD 00 0A 0A 07 DD 01 01 0B 07 DD 01 02 0C 07 DD 01 03 0D 07 DD 01 04 0E 07 DD 01 05 0F 07 DD 01 06 10 07 DD 01 07 11 07 DD 01 08 12 07 DD 01 09 13 07 DD 01 0A 14 07 DD 02 01 15 07 DD 02 02 16 07 DD 02 03 17 07 DD 02 04 18 07 DD 02 05 19 07 DD 02 06 1A 07 DD 02 07 1B 07 DD 02 08 1C 07 DD 02 09 1D 07 DD 02 0A 1E 07 DD 03 01 1F 07 DD 03 02 20 07 DD 03 03 21 07 DD 03 04 22 07 DD 03 05 23 07 DD 03 06 24 07 DD 03 07 25 07 DD 03 08 26 07 DD 03 09 27 07 DD 03 0A 28 07 DD 04 01 29 07 DD 04 02 2A 07 DD 04 03 2B 07 DD 04 04 2C 07 DD 04 05 2D 07 DD 04 06 2E 07 DD 04 07 29 CA
<   24> 5C 30 00 00 00 00 EC 04 2F 07 DD 04 08 30 07 DD 04 09 31 07 DD 04 0A 32 07 DD 05 01 33 07 DD 05 02 34 07 DD 05 03 35 07 DD 05 04 36 07 DD 05 05 37 07 DD 05 06 38 07 DD 05 07 39 07 DD 05 08 3A 07 DD 05 09 3B 07 11 00 01 3C 07 11 00 02 3D 07 11 00 03 3E 07 11 00 04 3F 07 11 00 05 40 07 11 00 06 41 07 11 00 07 42 07 11 00 08 43 07 11 00 09 44 07 11 00 0A 45 07 11 01 01 46 07 11 01 02 47 07 11 01 03 48 07 11 01 04 49 07 11 01 05 4A 07 11 01 06 4B 07 11 01 07 4C 07 11 01 08 4D 07 11 01 09 4E 07 11 01 0A 4F 07 11 02 01 50 07 11 02 02 51 07 11 02 03 52 07 11 02 04 53 07 11 02 05 54 07 11 02 06 55 07 11 02 07 56 07 11 02 08 57 07 11 02 09 58 07 11 02 0A 59 07 11 03 01 5A 07 11 03 02 5B 07 11 03 03 5C 07 11 03 04 5D 07 11 03 05 E2 CA
<   25> 5C 30 00 00 00 00 7E 04 5E 07 11 03 06 5F 07 11 03 07 60 07 11 03 08 61 07 11 03 09 62 07 11 03 0A 63 07 11 04 01 64 07 11 04 02 65 07 11 04 03 66 07 11 04 04 67 07 11 04 05 68 07 11 04 06 69 07 11 04 07 6A 07 11 04 08 6B 07 11 04 09 6C 07 11 04 0A 6D 07 11 05 01 6E 07 11 05 02 6F 07 11 05 03 70 07 11 05 04 71 07 11 05 05 72 07 11 05 06 73 07 11 05 07 74 07 11 05 08 75 07 11 05 09 76 06 0A 30 1F 19 CA
<   26> 5C 31 00 00 00 00 01 04 42 CA
